### n = 2 ###
x y steps
1 1 3
1 2 4
1 3 4
1 4 4
1 5 4
1 6 4
1 7 4
2 2 5
2 3 6
2 4 6
2 5 6
2 6 6
2 7 6
3 3 7
3 4 8
3 5 8
3 6 8
3 7 8
4 4 9
4 5 10
4 6 10
4 7 10
5 5 11
5 6 12
5 7 12
6 6 13
6 7 14
7 7 15

### n = 3 ###
x y steps
1 1 6
1 2 7
1 3 7
1 4 7
1 5 7
1 6 7
1 7 7
2 2 10
2 3 11
2 4 11
2 5 11
2 6 11
2 7 11
3 3 14
3 4 15
3 5 15
3 6 15
3 7 15
4 4 18
4 5 19
4 6 19
4 7 19
5 5 22
5 6 23
5 7 23
6 6 26
6 7 27
7 7 30

### n = 4 ###
x y steps
1 1 10
1 2 10
1 3 10
1 4 10
1 5 10
1 6 10
1 7 10
2 2 18
2 3 16
2 4 16
2 5 16
2 6 16
2 7 16
3 3 26
3 4 22
3 5 22
3 6 22
3 7 22
4 4 34
4 5 28
4 6 28
4 7 28
5 5 42
5 6 34
5 7 34
6 6 50
6 7 40
7 7 58

### n = 5 ###
x y steps
1 1 15
1 2 13
1 3 13
1 4 13
1 5 13
1 6 13
1 7 13
2 2 27
2 3 21
2 4 21
2 5 21
2 6 21
2 7 21
3 3 39
3 4 29
3 5 29
3 6 29
3 7 29
4 4 51
4 5 37
4 6 37
4 7 37
5 5 63
5 6 45
5 7 45
6 6 75
6 7 53
7 7 87

### n = 6 ###
x y steps
1 1 21
1 2 16
1 3 16
1 4 16
1 5 16
1 6 16
1 7 16
2 2 39
2 3 26
2 4 26
2 5 26
2 6 26
2 7 26
3 3 57
3 4 36
3 5 36
3 6 36
3 7 36
4 4 75
4 5 46
4 6 46


